12
1 2 14
1 3 10
1 4 100
1 5 101
1 6 102
1 7 103
1 8 104
1 9 105
1 10 106
1 11 107
1 12 108
2 3 7
2 4 99
2 5 100
2 6 101
2 7 102
2 8 103
2 9 104
2 10 105
2 11 106
2 12 107
3 4 100
3 5 101
3 6 102
3 7 103
3 8 104
3 9 105
3 10 106
3 11 106
3 12 108
4 5 16
4 6 1
4 7 102
4 8 103
4 9 104
4 10 105
4 11 106
4 12 107
5 6 8
5 7 102
5 8 103
5 9 104
5 10 105
5 11 106
5 12 107
6 7 102
6 8 103
6 9 104
6 10 105
6 11 106
6 12 107
7 8 9
7 9 10
7 10 105
7 11 106
7 12 107
8 9 11
8 10 105
8 11 106
8 12 107
9 10 105
9 11 106
9 12 107
10 11 12
10 12 13
11 12 14
